73531754 1410840006.942894 OPEN        796727      45670
73531755 1410840006.942943 CLOSE       796727      45670
73531756 1410840006.943474 OPEN        680369       4096
73531757 1410840006.943546 CLOSE       680369       4096
73531758 1410840006.943562 OPEN        567685      28672
73531759 1410840006.946367 CLOSE       567685      28672
73531760 1410840006.946406 OPEN       1564673       4096
73531761 1410840006.946679 CLOSE      1564673       4096
73531762 1410840006.946701 OPEN        517809      69632
73531763 1410840006.955330 CLOSE       517809      69632
73531764 1410840006.955621 READ        607501        976        976  4096 HIT
73531765 1410840006.955649 CLOSE       607501        976
73531766 1410840006.956000 OPEN        608667         97
73531767 1410840006.956006 CLOSE       608667         97
73531768 1410840006.956011 CLOSE       608667         97
73531769 1410840006.956016 CLOSE       608667         97
73531770 1410840006.956089 READ        608667         97          0  4096 HIT
73532724 1410840061.814376 READ        614497        409        175   409 HIT
73532754 1410840061.817747 OPEN       1564799     938832
73532755 1410840061.817755 READ       1564799     938832          0   128 HIT
73532756 1410840061.817763 READ       1564799     938832         64   504 HIT
73532757 1410840061.817769 READ       1564799     938832        568    28 HIT
73532758 1410840061.817779 OPEN       3670443     156928
73532759 1410840061.817783 READ       3670443     156928          0   128 HIT
73532760 1410840061.817992 READ       3670443     156928         64   392 HIT
73532761 1410840061.818184 OPEN        608388     129851
73532762 1410840061.818194 CLOSE       608388     129851
73532763 1410840061.818233 OPEN       3670171     138280
73532764 1410840061.818237 READ       3670171     138280          0   832 HIT
73532765 1410840061.818277 CLOSE      3670171     138280
73532766 1410840061.818309 OPEN       3670470      22536
73532767 1410840061.818314 READ       3670470      22536          0   832 HIT
73532768 1410840061.818346 CLOSE      3670470      22536
73532769 1410840061.818368 OPEN       3670451    1926680
73532770 1410840061.818373 READ       3670451    1926680          0   832 HIT
73532771 1410840061.818416 CLOSE      3670451    1926680
73532772 1410840061.818789 OPEN       1132733   99158576
73532773 1410840061.818825 CLOSE      1132733   99158576
73532774 1410840061.823408 OPEN        648776      26060
73532775 1410840061.823418 CLOSE       648776      26060
73532776 1410840061.824175 OPEN        516502       1611
73532777 1410840061.824187 READ        516502       1611          0    80 HIT
73532778 1410840061.824199 CLOSE       516502       1611
73532779 1410840061.824235 READ        516502       1611          0  1611 HIT
73532845 1410840061.832927 READ        614497        409        409   409 HIT
73533051 1410840061.867128 READ       3629232       1694         71  1694 HIT
73533773 1410840181.992913 READ       3579910        759        291   759 HIT
73533822 1410840181.996748 READ       3579910        759        759   759 HIT
73534690 1410840307.529402 OPEN        796727      45670
73534691 1410840307.529432 CLOSE       796727      45670
73534692 1410840307.530038 OPEN        680369       4096
73534693 1410840307.530108 CLOSE       680369       4096
73534694 1410840307.530123 OPEN        567685      28672
73534695 1410840307.532905 CLOSE       567685      28672
73534696 1410840307.532953 OPEN       1564673       4096
73534697 1410840307.533249 CLOSE      1564673       4096
73534698 1410840307.533273 OPEN        517809      69632
73534699 1410840307.540332 CLOSE       517809      69632
73534700 1410840307.540474 READ        607501        976        976  4096 HIT
73534701 1410840307.540487 CLOSE       607501        976
73534702 1410840307.540619 OPEN        608667         97
73534703 1410840307.540622 CLOSE       608667         97
73534704 1410840307.540624 CLOSE       608667         97
73534705 1410840307.540626 CLOSE       608667         97
73534706 1410840307.540657 READ        608667         97          0  4096 HIT
73536875 1410840607.288569 OPEN        796727      45670
73536876 1410840607.288598 CLOSE       796727      45670
73536877 1410840607.289195 OPEN        680369       4096
73536878 1410840607.289266 CLOSE       680369       4096
73536879 1410840607.289282 OPEN        567685      28672
73536880 1410840607.291957 CLOSE       567685      28672
73536881 1410840607.292010 OPEN       1564673       4096
73536882 1410840607.292282 CLOSE      1564673       4096
73536883 1410840607.292304 OPEN        517809      69632
73536884 1410840607.299692 CLOSE       517809      69632
73536885 1410840607.299824 READ        607501        976        976  4096 HIT
73536886 1410840607.299837 CLOSE       607501        976
73536887 1410840607.300022 OPEN        608667         97
73536888 1410840607.300025 CLOSE       608667         97
73536889 1410840607.300027 CLOSE       608667         97
73536890 1410840607.300030 CLOSE       608667         97
73536891 1410840607.300068 READ        608667         97          0  4096 HIT
73540320 1410840721.579638 OPEN       3605790        325
73540321 1410840721.579651 CLOSE      3605790        325
73540322 1410840721.579679 WRITE      3605790        325          0   356 HIT
73540323 1410840721.579746 READ       1916943       4706        530   128 HIT
73542106 1410840721.875554 READ       1916943       4706        936   128 HIT
73549995 1410840722.959692 READ       1916943       4706       2651   128 HIT
73559491 1410840724.391732 CLOSE      3604794       5826
73559544 1410840724.392310 OPEN       3605797          0
73559546 1410840724.392336 CLOSE      3605797          0
73559548 1410840724.392359 OPEN       1564797     106720
73559572 1410840724.392542 READ        517770     415000          0   128 HIT
73559576 1410840724.392579 READ        517770     415000         64   504 HIT
73559578 1410840724.392587 READ        517770     415000        568    28 HIT
73559581 1410840724.392609 OPEN       3670443     156928
73559583 1410840724.392615 READ       3670443     156928          0   128 HIT
73559607 1410840724.392859 READ       3670443     156928         64   392 HIT
73559628 1410840724.393055 OPEN        608388     129851
73559630 1410840724.393065 CLOSE       608388     129851
73559636 1410840724.393111 OPEN       3670526      33816
73559637 1410840724.393117 READ       3670526      33816          0   832 HIT
73559644 1410840724.393175 CLOSE      3670526      33816
73559650 1410840724.393211 OPEN       3670545      38808
73559651 1410840724.393217 READ       3670545      38808          0   832 HIT
73559661 1410840724.393257 CLOSE      3670545      38808
73559665 1410840724.393288 OPEN       3670451    1926680
73559667 1410840724.393295 READ       3670451    1926680          0   832 HIT
73559681 1410840724.393353 CLOSE      3670451    1926680
73559686 1410840724.393381 OPEN       3670525      21152
73559688 1410840724.393388 READ       3670525      21152          0   832 HIT
73559693 1410840724.393428 CLOSE      3670525      21152
73559750 1410840724.393886 OPEN       1132733   99158576
73559754 1410840724.393911 CLOSE      1132733   99158576
73559773 1410840724.394032 OPEN        614606       4096
73559784 1410840724.394084 OPEN        648776      26060
73559786 1410840724.394094 CLOSE       648776      26060
73559794 1410840724.394137 CLOSE       614606       4096
73559817 1410840724.394243 OPEN       1916945         19
73559821 1410840724.394266 READ       1916945         19          0  4096 HIT
73559827 1410840724.394302 READ       1916945         19         19  4096 HIT
73559829 1410840724.394311 CLOSE      1916945         19
73559949 1410840724.394965 READ        518666     405800          0   128 HIT
73559961 1410840724.395014 READ        518666     405800         64   504 HIT
73559963 1410840724.395023 READ        518666     405800        568    28 HIT
73559965 1410840724.395038 OPEN       3670443     156928
73559968 1410840724.395045 READ       3670443     156928          0   128 HIT
73560014 1410840724.395265 READ       3670443     156928         64   392 HIT
73560045 1410840724.395435 OPEN        608388     129851
73560047 1410840724.395444 CLOSE       608388     129851
73560059 1410840724.395480 OPEN       3670464      12688
73560061 1410840724.395485 READ       3670464      12688          0   832 HIT
73560076 1410840724.395534 CLOSE      3670464      12688
73560080 1410840724.395565 OPEN       3670473     124624
73560083 1410840724.395570 READ       3670473     124624          0   832 HIT
73560092 1410840724.395616 CLOSE      3670473     124624
73560099 1410840724.395651 OPEN        460468    1953536
73560103 1410840724.395656 READ        460468    1953536          0   832 HIT
73560112 1410840724.395709 CLOSE       460468    1953536
73560123 1410840724.395739 OPEN       3670522      17520
73560126 1410840724.395744 READ       3670522      17520          0   832 HIT
73560132 1410840724.395785 CLOSE      3670522      17520
73560141 1410840724.395817 OPEN       3670460      91096
73560143 1410840724.395824 READ       3670460      91096          0   832 HIT
73560150 1410840724.395868 CLOSE      3670460      91096
73560154 1410840724.395902 OPEN       3670167     116368
73560155 1410840724.395907 READ       3670167     116368          0   832 HIT
73560172 1410840724.395966 CLOSE      3670167     116368
73560178 1410840724.395988 OPEN       3670549      43392
73560179 1410840724.395992 READ       3670549      43392          0   832 HIT
73560186 1410840724.396037 CLOSE      3670549      43392
73560193 1410840724.396059 OPEN       3670501     113952
73560194 1410840724.396064 READ       3670501     113952          0   832 HIT
73560204 1410840724.396108 CLOSE      3670501     113952
73560210 1410840724.396136 OPEN       3670544     280520
73560212 1410840724.396141 READ       3670544     280520          0   832 HIT
73560224 1410840724.396186 CLOSE      3670544     280520
73560230 1410840724.396217 OPEN       3670543     944712
73560233 1410840724.396223 READ       3670543     944712          0   832 HIT
73560241 1410840724.396260 CLOSE      3670543     944712
73560248 1410840724.396285 OPEN       3670538     177520
73560250 1410840724.396290 READ       3670538     177520          0   832 HIT
73560259 1410840724.396335 CLOSE      3670538     177520
73560267 1410840724.396362 OPEN       3670540      17256
73560270 1410840724.396367 READ       3670540      17256          0   832 HIT
73560276 1410840724.396414 CLOSE      3670540      17256
73560279 1410840724.396436 OPEN        460511    1302712
73560281 1410840724.396441 READ        460511    1302712          0   832 HIT
73560286 1410840724.396486 CLOSE       460511    1302712
73560291 1410840724.396508 OPEN       3670451    1926680
73560292 1410840724.396513 READ       3670451    1926680          0   832 HIT
73560297 1410840724.396558 CLOSE      3670451    1926680
73560303 1410840724.396586 OPEN       3670470      22536
73560304 1410840724.396590 READ       3670470      22536          0   832 HIT
73560310 1410840724.396635 CLOSE      3670470      22536
73560313 1410840724.396661 OPEN       3670551      21288
73560317 1410840724.396666 READ       3670551      21288          0   832 HIT
73560323 1410840724.396704 CLOSE      3670551      21288
73560335 1410840724.396748 OPEN       3670547     472064
73560337 1410840724.396753 READ       3670547     472064          0   832 HIT
73560345 1410840724.396796 CLOSE      3670547     472064
73560350 1410840724.396843 OPEN       3670536      46368
73560353 1410840724.396848 READ       3670536      46368          0   832 HIT
73560367 1410840724.396913 CLOSE      3670536      46368
73560370 1410840724.396941 OPEN       3670535      12592
73560372 1410840724.396946 READ       3670535      12592          0   832 HIT
73560385 1410840724.396997 CLOSE      3670535      12592
73560391 1410840724.397050 OPEN       3670467     145896
73560396 1410840724.397058 READ       3670467     145896          0   832 HIT
73560402 1410840724.397118 CLOSE      3670467     145896
73560411 1410840724.397158 OPEN        459971     182112
73560412 1410840724.397165 READ        459971     182112          0   832 HIT
73560420 1410840724.397218 CLOSE       459971     182112
73560424 1410840724.397249 OPEN       3670552      17128
73560425 1410840724.397255 READ       3670552      17128          0   832 HIT
73560435 1410840724.397311 CLOSE      3670552      17128
73560439 1410840724.397345 OPEN       3670550     247192
73560442 1410840724.397353 READ       3670550     247192          0   832 HIT
73560453 1410840724.397412 CLOSE      3670550     247192
73560471 1410840724.397519 OPEN       3670528      47064
73560474 1410840724.397526 READ       3670528      47064          0   832 HIT
73560490 1410840724.397590 CLOSE      3670528      47064
73560683 1410840724.400322 OPEN        608217      10906
73560685 1410840724.400338 READ        608217      10906          0  4096 HIT
73560690 1410840724.400415 READ        608217      10906       4096  4096 HIT
73560693 1410840724.400475 READ        608217      10906       8192  4096 HIT
73560699 1410840724.400511 READ        608217      10906      10906  4096 HIT
73560700 1410840724.400517 CLOSE       608217      10906
73560705 1410840724.400618 OPEN        608453       1011
73560706 1410840724.400624 READ        608453       1011          0  4096 HIT
73560709 1410840724.400640 READ        608453       1011       1011  4096 HIT
73560710 1410840724.400643 CLOSE       608453       1011
73560711 1410840724.400664 OPEN        608388     129851
73560712 1410840724.400669 CLOSE       608388     129851
73560713 1410840724.400686 OPEN       3670260      42808
73560714 1410840724.400688 READ       3670260      42808          0   832 HIT
73560719 1410840724.400712 CLOSE      3670260      42808
73560724 1410840724.400753 OPEN        608388     129851
73560725 1410840724.400757 CLOSE       608388     129851
73560726 1410840724.400772 OPEN       3670321      52560
73560727 1410840724.400774 READ       3670321      52560          0   832 HIT
73560731 1410840724.400796 CLOSE      3670321      52560
73560733 1410840724.400820 OPEN       3670296      65928
73560734 1410840724.400823 READ       3670296      65928          0   832 HIT
73560738 1410840724.400850 CLOSE      3670296      65928
73560743 1410840724.400912 OPEN        608334       2072
73560746 1410840724.400950 CLOSE       608334       2072
73560852 1410840724.402272 OPEN        607571       1247
73560854 1410840724.402277 READ        607571       1247          0  4096 HIT
73560858 1410840724.402318 READ        607571       1247       1247  4096 HIT
73560860 1410840724.402321 CLOSE       607571       1247
73560876 1410840724.402467 OPEN       2089424         14
73560878 1410840724.402473 READ       2089424         14          2    12 HIT
73560885 1410840724.402508 CLOSE      2089424         14
73563342 1410840724.592904 OPEN      205613981         41
73563599 1410840725.164741 CLOSE     19472557          2
73563600 1410840725.164848 OPEN      19472545          3
73563651 1410840725.443024 CLOSE     19472574          2
73563652 1410840725.443113 OPEN      19472549          3
73563764 1410840726.032075 CLOSE     17327345        307
73563765 1410840726.033220 OPEN      17328553     578057
73563766 1410840726.033247 READ      17328553     578057          0 262200
73563809 1410840726.164394 READ      17328553     578057     262200 262200
73563812 1410840726.166468 READ      17328553     578057     524400 53657
73563813 1410840726.166945 CLOSE     17328553     578057
73563814 1410840726.167941 OPEN      17327838          5
73563943 1410840726.395603 CLOSE     17327842          4
73563944 1410840726.395687 OPEN      17328013          3
73564053 1410840726.695293 CLOSE     17327853          7
73564054 1410840726.695399 OPEN      17328251          3
73564057 1410840726.698125 CLOSE     17328251          3
73564058 1410840726.698184 OPEN      17328252          3
73564063 1410840726.702066 CLOSE     17328252          3
73564064 1410840726.702140 OPEN      17327854         13
73564094 1410840726.796479 CLOSE     17327861         11
73564096 1410840726.796595 OPEN      17327862          4
73564149 1410840726.969124 CLOSE     17327865         14
73564150 1410840726.969264 OPEN      17328297          2
73564159 1410840726.980705 CLOSE     17328297          2
73564160 1410840726.980747 OPEN      17328298          2
73564220 1410840727.146241 CLOSE     19472521        309
73564221 1410840727.148069 OPEN      19472710          3
73564243 1410840727.196253 CLOSE     19472711          5
73564245 1410840727.196343 OPEN      19472830          2
73564332 1410840727.347918 CLOSE     19472843          2
73564333 1410840727.348006 OPEN      19472844          2
73564448 1410840727.528444 CLOSE         3288          4
73564449 1410840727.528533 OPEN          3294          3
73564466 1410840727.546610 OPEN      17328553     578057
73564467 1410840727.546629 OPEN      17328553     578057
73564468 1410840727.549463 WRITE     17328553     578057          0 262144
73564469 1410840727.552131 WRITE     17328553     578057     262144 262144
73564470 1410840727.552743 WRITE     17328553     578057     524288 53769
73564471 1410840727.552868 CLOSE     17328553     578057
73564472 1410840727.552876 CLOSE     17328553     578057
73564529 1410840727.631562 CLOSE     205614386         16
73564530 1410840727.631684 OPEN      205614102         24
73564645 1410840727.771186 CLOSE     19472593         10
73564647 1410840727.771496 OPEN      19472563         11
73564754 1410840727.855403 OPEN         16906     127545
73564755 1410840727.855423 OPEN         16906     127545
73564756 1410840727.855458 READ         16906     127545          0 16800
73564757 1410840727.855640 READ         16906     127545      16800 16800
73564761 1410840727.855776 READ         16906     127545      33600 16800
73564762 1410840727.855939 READ         16906     127545      50400 16800
73564763 1410840727.856100 READ         16906     127545      67200 16800
73564765 1410840727.856254 READ         16906     127545      84000 16800
73564767 1410840727.856413 READ         16906     127545     100800 16800
73564768 1410840727.856561 READ         16906     127545     117600  9945
73564769 1410840727.856652 WRITE        16906     127545       6300 121139
73564770 1410840727.856817 CLOSE        16906     127439
73564771 1410840727.856825 CLOSE        16906     127439
73564772 1410840727.856893 OPEN         17017        788
73564773 1410840727.856904 OPEN         17017        788
73564774 1410840727.856911 READ         17017        788          0   788
73564775 1410840727.856963 CLOSE        17017        788
73564776 1410840727.856970 CLOSE        17017        788
73564779 1410840727.862424 CLOSE     205614862          7
73564780 1410840727.862591 OPEN      205614829          4
73564787 1410840727.866286 CLOSE     19472598          6
73564788 1410840727.866428 OPEN      19472565          5
73564795 1410840727.868441 CLOSE     205614623          7
73564796 1410840727.868562 OPEN      205614103          4
73564819 1410840727.881199 CLOSE     205614901          3
73564820 1410840727.881294 OPEN      205614903          3
73564850 1410840727.896641 CLOSE     19472730          3
73564851 1410840727.896732 OPEN      19472731          5
73564854 1410840727.897452 CLOSE     19472731          5
73564855 1410840727.897581 OPEN      19472732         19
73564924 1410840728.002222 CLOSE     19473031          2
73564925 1410840728.002305 OPEN      19472737          2
73565041 1410840728.192955 CLOSE     19473032         27
73565051 1410840728.202888 CLOSE     205615060         15
73565052 1410840728.203150 OPEN      205614982         10
73565105 1410840728.248668 CLOSE     17328359        147
73565107 1410840728.249369 OPEN      17327877          2
73565110 1410840728.251345 CLOSE     205614922         61
73565112 1410840728.251655 OPEN      155332714         22
73565121 1410840728.256389 CLOSE     17327878          9
73565122 1410840728.256434 OPEN      17328361          3
73565123 1410840728.257063 CLOSE     19473051        119
73565124 1410840728.257640 OPEN      19473054         38
73565329 1410840728.329668 CLOSE     19477860          3
73565331 1410840728.329767 OPEN      19477861          3
73565517 1410840728.394288 CLOSE     155333007          3
73565518 1410840728.394391 OPEN      155332947          8
73566074 1410840728.761663 CLOSE         4353          3
73566075 1410840728.761753 OPEN          8234          7
73566100 1410840728.773139 CLOSE         4361          4
73566104 1410840728.773219 OPEN          4372          6
73566112 1410840728.777500 CLOSE         4372          6
73566114 1410840728.777593 OPEN          8236          3
73566294 1410840728.828519 CLOSE         4477          7
73566296 1410840728.828621 OPEN          8257          5
73566384 1410840728.847752 CLOSE         8261         19
73566385 1410840728.848063 OPEN          8264         13
73566575 1410840728.898134 OPEN      17327928          4
73566842 1410840728.987088 CLOSE         8284          2
73566845 1410840728.987179 OPEN          4533         16
73566959 1410840729.032079 CLOSE     155334573         70
73566967 1410840729.032983 OPEN      155334575         64
73566976 1410840729.037283 CLOSE         4570          5
73566977 1410840729.037376 OPEN          8288          3
73567036 1410840729.051782 CLOSE     19473554         59
73567037 1410840729.052285 OPEN      19473555          3
73568948 1410840729.959025 CLOSE        21826          2
73568949 1410840729.959128 OPEN          3697          7
73569184 1410840730.095556 CLOSE     19483683          7
73569185 1410840730.095683 OPEN      19483686          2
73569200 1410840730.100317 CLOSE         4633          5
73569201 1410840730.100420 OPEN          8506          4
73569300 1410840730.144110 CLOSE         8508          3
73569301 1410840730.144180 OPEN          4638          2
73569467 1410840730.196700 CLOSE     17436952          3
73569469 1410840730.196820 OPEN      17436942          3
73569701 1410840730.308193 CLOSE     17436969          2
73569703 1410840730.308291 OPEN      17436912          6
73570200 1410840730.585124 CLOSE         4739          5
73570202 1410840730.585256 OPEN          4746         78
73570362 1410840730.659124 CLOSE     155336694          3
73570365 1410840730.659357 OPEN      155335016          8
73570418 1410840730.679010 CLOSE     19487140         66
73570421 1410840730.680068 OPEN      19486910          3
73570443 1410840730.690762 CLOSE     19487249          4
73570445 1410840730.690917 OPEN      19487251          3
73570464 1410840730.696025 CLOSE        24179          2
73570465 1410840730.696083 OPEN         24180          3
73570638 1410840730.786967 CLOSE     19487324          3
73570639 1410840730.787069 OPEN      19487325          3
73570644 1410840730.789481 CLOSE     19487325          3
73570645 1410840730.789578 OPEN      19487326          3
73571000 1410840730.989669 CLOSE     205614118         44
73571001 1410840730.990173 OPEN      181994537         17
73571048 1410840731.014670 CLOSE     181994589         16
73571049 1410840731.014961 OPEN      181994590         13
73571184 1410840731.080598 CLOSE     181994552          9
73571185 1410840731.080764 OPEN      181994594          4
73573532 1410840732.954205 CLOSE        12170          3
73573533 1410840732.954301 OPEN         12096          3
73573705 1410840733.006343 CLOSE     19491830          8
73573706 1410840733.006477 OPEN      19491892          3
73573734 1410840733.011036 CLOSE     19490297          3
73573735 1410840733.011127 OPEN      19490151          3
73573777 1410840733.026328 CLOSE        24661          6
73573779 1410840733.026461 OPEN         24665         12
73574224 1410840733.251390 CLOSE     19492070          3
73574226 1410840733.251482 OPEN      19492071          3
73574413 1410840733.308668 CLOSE        12288          9
73574415 1410840733.308777 OPEN         12290          4
73574640 1410840733.376275 CLOSE     19476409        146
73574641 1410840733.376636 OPEN      19476411          3
73575433 1410840733.621215 CLOSE     19476514         16
73575435 1410840733.621327 OPEN      19476515          9
73575593 1410840733.698392 CLOSE     19476521          6
73575595 1410840733.698452 OPEN      19476522          3
73575600 1410840733.698943 CLOSE     19476522          3
73575601 1410840733.698973 OPEN      19476523         20
73575776 1410840733.784680 CLOSE     19476529         19
73575777 1410840733.784778 OPEN      19476530          8
73575972 1410840733.914911 CLOSE     19476559         18
73575973 1410840733.915020 OPEN      19476560          3
73576264 1410840734.033189 CLOSE     182007937         63
73576269 1410840734.034227 OPEN      182008046         70
73576332 1410840734.052328 CLOSE        40931          4
73576333 1410840734.052446 OPEN         40933          3
73576368 1410840734.069423 CLOSE     182007938         23
73576369 1410840734.069725 OPEN      182007939          4
73576508 1410840734.117172 CLOSE     182007941         84
73576511 1410840734.118090 OPEN      182007942         16
73576516 1410840734.120043 CLOSE     182007942         16
73576517 1410840734.120255 OPEN      182007943          6
73576734 1410840734.205091 CLOSE     19496076          3
73576735 1410840734.205173 OPEN      19496078          3
73577426 1410840734.589745 CLOSE     182008813         67
73577431 1410840734.590689 OPEN      182008919         85
73577462 1410840734.605122 CLOSE        41832         18
73577465 1410840734.606313 OPEN         42069         90
73580126 1410840736.155221 CLOSE     164206245         79
73580127 1410840736.155974 OPEN      164206425         13
73580270 1410840736.260305 CLOSE        42281          3
73580271 1410840736.260412 OPEN         42283          3
73580328 1410840736.327119 CLOSE     19472812         15
73580329 1410840736.327261 OPEN      19472813          4
73580412 1410840736.466221 CLOSE     196621703         11
73580415 1410840736.466416 OPEN      196621705          8
73580654 1410840736.680267 CLOSE     196621709        204
73580659 1410840736.682417 OPEN      196622034          6
73580704 1410840736.703525 CLOSE     196622036         39
73580705 1410840736.704020 OPEN      196622185         18
73580710 1410840736.707010 CLOSE     196622185         18
73580713 1410840736.707266 OPEN      196622245          3
73581194 1410840737.050365 CLOSE        43184          3
73581195 1410840737.050456 OPEN         43186          3
73582599 1410840737.819112 CLOSE     182007906         44
73582603 1410840737.819679 OPEN      204612084         17
73583048 1410840737.980893 CLOSE     191396049        105
73583052 1410840737.981893 OPEN      191396280          3
73583092 1410840737.995224 CLOSE     191396284          3
73583093 1410840737.995304 OPEN      191396286          3
73583098 1410840737.997100 CLOSE     191396286          3
73583099 1410840737.997198 OPEN      191396287          3
73583110 1410840738.001596 CLOSE     204612107          5
73583113 1410840738.001742 OPEN      204612108         11
73583162 1410840738.017901 CLOSE        33843          6
73583163 1410840738.017997 OPEN         33844          3
73583164 1410840738.018442 CLOSE        33844          3
73583165 1410840738.018536 OPEN         33845         15
73583169 1410840738.020654 CLOSE     191396297          3
73583171 1410840738.020822 OPEN      191396298          3
73583593 1410840738.181373 CLOSE        45598          3
73583595 1410840738.181467 OPEN         45600          3
73584246 1410840738.460924 CLOSE     19526436         11
73584247 1410840738.461076 OPEN      19526437          6
73584324 1410840738.497389 CLOSE     19526440          8
73584325 1410840738.497546 OPEN      19526441         15
73584679 1410840738.659899 CLOSE        23901          3
73584681 1410840738.659999 OPEN         23902          3
73584682 1410840738.660485 CLOSE        23902          3
73584683 1410840738.660568 OPEN         23904          3
73585798 1410840739.562257 CLOSE     19515135         10
73585799 1410840739.562483 OPEN      19515136          9
73586598 1410840740.342320 CLOSE     164209547         67
73586600 1410840740.342819 OPEN      164209766          3
73587405 1410840741.104381 CLOSE     19509691          3
73587407 1410840741.104498 OPEN      19509680          5
73588128 1410840741.505839 CLOSE     20036288          8
73588129 1410840741.505979 OPEN      20036289          4
73588134 1410840741.508320 CLOSE     20036289          4
73588138 1410840741.508434 OPEN      20036290          6
73588434 1410840741.638422 CLOSE     20036298          3
73588435 1410840741.638508 OPEN      20036299          3
73588546 1410840741.674196 CLOSE        30979          8
73588547 1410840741.674358 OPEN         31438          4
73588666 1410840741.706295 CLOSE     20036307          3
73588667 1410840741.706389 OPEN      20036308          4
73588684 1410840741.712791 CLOSE     19511764          5
73588685 1410840741.712913 OPEN      19511765          4
73588686 1410840741.713339 CLOSE     19511765          4
73588687 1410840741.713452 OPEN      19511767          9
73588776 1410840741.752454 CLOSE     19508649        104
73588781 1410840741.753457 OPEN      19511797          3
73588932 1410840741.876646 CLOSE     204617934          5
73588934 1410840741.876814 OPEN      204617935         18
73588952 1410840741.885170 CLOSE     19511831          3
73588954 1410840741.885252 OPEN      19511832          3
73588960 1410840741.901361 CLOSE     19511832          3
73588961 1410840741.901460 OPEN      19511833          4
73588968 1410840741.926117 CLOSE     19511833          4
73588969 1410840741.926221 OPEN      19511834          3
73589086 1410840742.024383 CLOSE     19511852          8
73589087 1410840742.024528 OPEN      19511853          3
73589090 1410840742.025305 CLOSE     19511853          3
73589092 1410840742.025386 OPEN      19514432          5
73589124 1410840742.039731 CLOSE     204617323        111
73589127 1410840742.040852 OPEN      204618082         12
73589170 1410840742.065287 CLOSE     19514568          3
73589171 1410840742.065413 OPEN      19514569          5
73589498 1410840742.210675 CLOSE     19519801          7
73589499 1410840742.210828 OPEN      19519866          3
73589501 1410840742.212215 CLOSE     19519866          3
73589502 1410840742.212305 OPEN      19519867          4
73589528 1410840742.236278 CLOSE     19519896          3
73589529 1410840742.236355 OPEN      19519915          3
73589545 1410840742.244346 CLOSE     19519915          3
73589546 1410840742.244439 OPEN      19519916          3
73589584 1410840742.267078 CLOSE     19519961          3
73589585 1410840742.267179 OPEN      19519963          3
73591038 1410840743.253174 CLOSE     19519816          6
73591040 1410840743.253301 OPEN      19924794          3
73591042 1410840743.257023 CLOSE     19924794          3
73591043 1410840743.257117 OPEN      19924799          3
73591048 1410840743.261010 CLOSE     19924799          3
73591049 1410840743.261110 OPEN      19924800          3
73591118 1410840743.300994 CLOSE        34964          3
73591119 1410840743.301129 OPEN         34965          4
73591146 1410840743.315010 CLOSE     20036400          3
73591147 1410840743.315115 OPEN      20036401          3
73591186 1410840743.349150 CLOSE        34967          3
73591187 1410840743.349277 OPEN         34968          7
73591202 1410840743.365484 CLOSE        34968          7
73591203 1410840743.365699 OPEN         34969          3
73591282 1410840743.415444 CLOSE     19924840          5
73591283 1410840743.415562 OPEN      19925307          3
73591335 1410840743.441579 CLOSE     19925327         12
73591414 1410840743.471359 CLOSE     19925367          8
73591415 1410840743.471541 OPEN      19924843         16
73591571 1410840743.581655 CLOSE     19925752          5
73591573 1410840743.581828 OPEN      19519500         10
73591578 1410840743.585234 CLOSE     19519500         10
73591579 1410840743.585317 OPEN      19926045          2
73591585 1410840743.588935 CLOSE     19926045          2
73591587 1410840743.588983 OPEN      19926047          5
73591592 1410840743.589841 CLOSE     20036412         22
73591593 1410840743.589994 OPEN      20036413          3
73591636 1410840743.612411 CLOSE     19927695          8
73591637 1410840743.612551 OPEN      19927818          3
73591649 1410840743.617428 CLOSE     20036414          7
73591650 1410840743.617556 OPEN      20036415          9
73591688 1410840743.639741 CLOSE     19927698         13
73591689 1410840743.639937 OPEN      19927923         19
73591716 1410840743.651793 CLOSE     20036415          9
73591717 1410840743.651921 OPEN      20036416          3
73591787 1410840743.682309 CLOSE     19926139          4
73591789 1410840743.682424 OPEN      19926060          4
73592782 1410840744.221242 CLOSE     19932941          8
73592783 1410840744.221393 OPEN      19932942         15
73592788 1410840744.225448 CLOSE     19932942         15
73592789 1410840744.225662 OPEN      19932678          6
73592801 1410840744.234694 CLOSE     19932678          6
73592804 1410840744.234845 OPEN      19932679          3
73592815 1410840744.239109 CLOSE     19932679          3
73592816 1410840744.239182 OPEN      19932680          3
73592818 1410840744.239905 CLOSE     19932680          3
73592819 1410840744.240015 OPEN      19932681          4
73592920 1410840744.326920 CLOSE     205618274          7
73592921 1410840744.327073 OPEN      205618275         11
73593156 1410840744.528813 CLOSE     205618280         11
73593157 1410840744.529007 OPEN      205618457          3
73593214 1410840744.565622 CLOSE     205618480          6
73593215 1410840744.565769 OPEN      205618481          7
73593234 1410840744.574505 CLOSE     205618283         14
73593237 1410840744.574732 OPEN      205618284          5
73593772 1410840744.883507 CLOSE     205618950         37
73593776 1410840744.883981 OPEN      205618956          4
73594449 1410840745.288228 CLOSE        66696          5
73594450 1410840745.288356 OPEN         66697          3
73594979 1410840745.580904 CLOSE     19500110          7
73594981 1410840745.580975 OPEN      19500111          5
73595099 1410840745.619376 CLOSE        67242          6
73595103 1410840745.619507 OPEN         67243          8
73595132 1410840745.637080 CLOSE     19934935          3
73595133 1410840745.637160 OPEN      19934936          3
73595284 1410840745.693207 CLOSE     19500129          6
73595285 1410840745.693278 OPEN      19500130         15
73595340 1410840745.717119 CLOSE     19935084          3
73595342 1410840745.717207 OPEN      19935085          3
73595739 1410840745.995604 CLOSE     20036564         12
73595741 1410840745.995787 OPEN      20036565          3
73595763 1410840746.010249 CLOSE     19935048         33
73595764 1410840746.010572 OPEN      19935049          3
73595767 1410840746.026272 CLOSE     19500157         10
73595768 1410840746.026348 OPEN      19500158          6
73595783 1410840746.038586 CLOSE     19500158          6
73595784 1410840746.038650 OPEN      19500159          9
73597287 1410840747.731450 CLOSE        40335         15
73597288 1410840747.731697 OPEN         40336          5
73597461 1410840747.873958 CLOSE        29624          2
73597462 1410840747.874048 OPEN         14413         28
73598315 1410840748.485468 OPEN      19527956          2
73598346 1410840748.503610 CLOSE     205621999          8
73598347 1410840748.503781 OPEN      205622066          3
73598516 1410840748.593123 CLOSE     205622143          3
73598517 1410840748.593205 OPEN      205622144          3
73599160 1410840748.892282 CLOSE     205622284          3
73599162 1410840748.892371 OPEN      205622286          3
73599373 1410840749.015904 CLOSE     164225271         20
73599374 1410840749.016110 OPEN      164211419          4
73600636 1410840749.760095 CLOSE     20036667         35
73600637 1410840749.760732 OPEN      20036668          3
73600654 1410840749.771201 CLOSE        74677          3
73600655 1410840749.771299 OPEN         74678          3
73600829 1410840749.942187 CLOSE        48213          6
73600830 1410840749.942315 OPEN         48446          6
73600847 1410840749.950127 CLOSE        75110          3
73600849 1410840749.950202 OPEN         75112          3
73600867 1410840749.971970 CLOSE     20036675          3
73600868 1410840749.972066 OPEN      20036676          6
73600903 1410840749.988948 CLOSE     20036677          6
73600904 1410840749.989050 OPEN      20036678          3
73601277 1410840750.246221 CLOSE        75917          9
73601278 1410840750.246376 OPEN         75920          3
73601287 1410840750.250210 CLOSE        75920          3
73601289 1410840750.250302 OPEN         75921          3
73601299 1410840750.254365 CLOSE     164211474          3
73601300 1410840750.254451 OPEN      164211475          3
73601389 1410840750.306261 CLOSE        75924          3
73601391 1410840750.306360 OPEN         75925          3
73601437 1410840750.322677 CLOSE     164211480         90
73601440 1410840750.323284 OPEN      164227220          3
73601448 1410840750.329447 CLOSE        75918          5
73601450 1410840750.329558 OPEN         76284          3
73601471 1410840750.342414 CLOSE     19529947         34
73601472 1410840750.342549 OPEN      19529948          4
73601507 1410840750.361172 CLOSE        76285          3
73601508 1410840750.361263 OPEN         76286          3
73601515 1410840750.363319 CLOSE        76286          3
73601516 1410840750.363411 OPEN         72590          9
73601537 1410840750.380743 CLOSE     164227377          3
73601538 1410840750.380850 OPEN      164227378         10
73601540 1410840750.383230 CLOSE        76289          5
73601542 1410840750.383361 OPEN         76290         14
73601662 1410840750.455904 CLOSE        76295         17
73601664 1410840750.456155 OPEN         72592         10
73602075 1410840750.825302 CLOSE     205623462          3
73602077 1410840750.825394 OPEN      205623504          4
73602141 1410840750.900653 CLOSE     205623505          6
73602142 1410840750.900768 OPEN      205623506          2
73602177 1410840750.930361 CLOSE     164227541         35
73602178 1410840750.930758 OPEN      164227542          8
73602241 1410840751.005969 CLOSE     164211485         35
73602245 1410840751.006567 OPEN      164227925         46
73602301 1410840751.082089 CLOSE        76840          3
73602302 1410840751.082172 OPEN         76841          3
73602399 1410840751.328114 CLOSE     164228107          3
73602400 1410840751.328344 OPEN      164211492         94
73607161 1410840755.516185 CLOSE     20036947          3
73607162 1410840755.516293 OPEN      20036948          3
73607401 1410840756.020533 CLOSE     20036969          4
73607402 1410840756.020656 OPEN      20036970          8
73607481 1410840756.118040 CLOSE     20036973         17
73607483 1410840756.118295 OPEN      20036974          3
73608149 1410840757.547246 CLOSE     20037003          3
73608150 1410840757.547331 OPEN      20037004          3
73608161 1410840757.552268 CLOSE     20037005          3
73608163 1410840757.552448 OPEN      20037006          4
73608950 1410840758.593334 CLOSE     205628948          3
73608952 1410840758.593438 OPEN      205628949          3
73608981 1410840758.616326 CLOSE     205628952          3
73608982 1410840758.616417 OPEN      205628858          6
73610183 1410840760.316313 CLOSE     19947252         14
73610184 1410840760.316409 OPEN      19947254          3
73610185 1410840760.319161 CLOSE     19947254          3
73610186 1410840760.319200 OPEN      19947255          3
73611725 1410840762.576075 CLOSE     20037133         21
73611726 1410840762.576367 OPEN      20037134         11
73611977 1410840763.025195 CLOSE     20037139         15
73611978 1410840763.025424 OPEN      20037140          7
73612089 1410840763.196708 CLOSE     20037145          5
73612090 1410840763.196845 OPEN      20037146          6
73612334 1410840763.594462 CLOSE     20037157          3
73612336 1410840763.594560 OPEN      20037158          3
73612599 1410840763.828484 CLOSE     20037171          4
73612600 1410840763.828604 OPEN      20037172          4
73612737 1410840764.022105 CLOSE     20037177          6
73612738 1410840764.022379 OPEN      20037178          3
73612851 1410840764.247727 CLOSE     205613995        307
73612854 1410840764.248671 OPEN      205635647     127545
73612855 1410840764.248690 READ      205635647     127545          0 127545
73612901 1410840764.311057 CLOSE     205635048          2
73612902 1410840764.311090 OPEN      205635049          2
73612951 1410840764.424096 CLOSE     20037187          3
73612952 1410840764.424189 OPEN      20037188          3
73612979 1410840764.472919 CLOSE     20037188          3
73612980 1410840764.473091 OPEN      20037189         43
73613214 1410840764.636387 CLOSE     205634676        159
73613220 1410840764.638216 OPEN      205634677          4
73613270 1410840764.673781 CLOSE     205634679          7
73613271 1410840764.673877 OPEN      205635413          3
73613703 1410840765.040160 CLOSE     205634703          6
73613704 1410840765.040259 OPEN      205635460         28
73613819 1410840765.157424 OPEN      205635647     127545
73613820 1410840765.157442 OPEN      205635647     127545
73613821 1410840765.157474 READ      205635647     127545          0 16800
73613822 1410840765.157640 READ      205635647     127545      16800 16800
73613823 1410840765.157778 READ      205635647     127545      33600 16800
73613824 1410840765.157961 READ      205635647     127545      50400 16800
73613825 1410840765.158105 READ      205635647     127545      67200 16800
73613827 1410840765.158239 READ      205635647     127545      84000 16800
73613829 1410840765.158373 READ      205635647     127545     100800 16800
73613830 1410840765.158512 READ      205635647     127545     117600  9945
73613831 1410840765.158597 WRITE     205635647     127545       6300 121139
73613832 1410840765.158741 CLOSE     205635647     127439
73613833 1410840765.158749 CLOSE     205635647     127439
73613834 1410840765.158823 OPEN      205635688       1737
73613835 1410840765.158835 OPEN      205635688       1737
73613836 1410840765.158844 READ      205635688       1737          0  1737
73613837 1410840765.158879 WRITE     205635688       1737       1400   480
73613838 1410840765.158944 CLOSE     205635688       1880
73613839 1410840765.158950 CLOSE     205635688       1880
73613940 1410840765.248077 CLOSE     205634710          3
73613941 1410840765.248121 OPEN      205635524          5
73614114 1410840765.365135 CLOSE     205635563          3
73614115 1410840765.365176 OPEN      205635564          2
73614214 1410840765.447155 CLOSE     205635587          3
73614216 1410840765.447212 OPEN      205635589          4
73614218 1410840765.451141 CLOSE     205635589          4
73614219 1410840765.451200 OPEN      205634732          8
73614283 1410840765.528382 CLOSE     205634738          6
73614285 1410840765.528458 OPEN      205635617          2
73614375 1410840765.683135 OPEN      205636006          0
73614376 1410840765.683153 OPEN      205636006          0
73614377 1410840765.683220 CLOSE     205636006          0
73614378 1410840765.683229 CLOSE     205636006          0
73614382 1410840765.686548 CLOSE     19947705         14
73614383 1410840765.686622 OPEN      19947706         14
73614672 1410840765.962481 CLOSE     205635847         88
73614675 1410840765.963908 OPEN      205635849         88
73614710 1410840765.990690 CLOSE     205635849         88
73614711 1410840765.991821 OPEN      205635850         88
73614996 1410840766.305452 CLOSE     20018363          4
73614998 1410840766.305734 OPEN      20018364         34
73615320 1410840766.965256 CLOSE     20018719         27
73615321 1410840766.965637 OPEN      20018720          6
73615734 1410840767.373565 CLOSE     205637347         17
73615735 1410840767.373727 OPEN      205637348          2
73616300 1410840767.736050 CLOSE     19966029          6
73616301 1410840767.736145 OPEN      19964663          3
73616420 1410840767.824100 CLOSE     19966183          6
73616423 1410840767.824231 OPEN      19966154          5
73616428 1410840767.829430 CLOSE     19966154          5
73616429 1410840767.829551 OPEN      19966184          6
73617154 1410840768.618240 CLOSE       111642          3
73617155 1410840768.618376 OPEN        109816         22
73617158 1410840768.622765 CLOSE     205638012         17
73617159 1410840768.623070 OPEN      205637608         66
73617276 1410840768.739015 CLOSE     205637608         66
73617280 1410840768.739540 OPEN      205637435          3
73617284 1410840768.742392 CLOSE       111658          5
73617286 1410840768.742499 OPEN        111660          5
73617312 1410840768.757669 CLOSE     19929929          2
73617313 1410840768.758074 OPEN      19929930        114
73617318 1410840768.760488 CLOSE       111771          7
73617319 1410840768.760608 OPEN        111664          5
73617354 1410840768.812106 CLOSE     20021392         44
73617357 1410840768.812596 OPEN      20021393         13
73617593 1410840768.964053 CLOSE     19958958          3
73617594 1410840768.964092 OPEN      19958960          4
73617626 1410840768.986428 CLOSE     19968251         10
73617627 1410840768.986551 OPEN      19968276          3
73617638 1410840768.997221 CLOSE     19968279          3
73617639 1410840768.997314 OPEN      19968252          4
73617670 1410840769.026469 CLOSE     20020543          6
73617671 1410840769.026549 OPEN      20016976          3
73617691 1410840769.058266 CLOSE     20028426          6
73617692 1410840769.058343 OPEN      20028433          2
73617696 1410840769.061609 CLOSE     19968522          3
73617697 1410840769.061689 OPEN      19968531          5
73617716 1410840769.101004 CLOSE     20028434          3
73617717 1410840769.101093 OPEN      20028435          2
73617728 1410840769.115043 CLOSE     20028435          2
73617729 1410840769.115118 OPEN      20028436          2
73617740 1410840769.123732 CLOSE     20028436          2
73617741 1410840769.123830 OPEN      20016977          3
73617750 1410840769.143112 CLOSE     19968588          3
73617751 1410840769.143229 OPEN      19968589          3
73617760 1410840769.149238 CLOSE     19958965          4
73617761 1410840769.149277 OPEN      19958966          3
73617786 1410840769.169140 CLOSE     19958968          3
73617788 1410840769.169183 OPEN      19958969          4
73617793 1410840769.174389 CLOSE     19958969          4
73617794 1410840769.174434 OPEN      19958970          3
73617807 1410840769.201472 CLOSE     19968645          5
73617809 1410840769.201593 OPEN      19968642          5
73617822 1410840769.214556 CLOSE     19968661          3
73617823 1410840769.214648 OPEN      19968663          5
73617854 1410840769.280385 CLOSE     19958977          3
73617855 1410840769.280448 OPEN      19958979          3
73617872 1410840769.287508 CLOSE     19958979          3
73617873 1410840769.287548 OPEN      19958980          3
73617896 1410840769.300218 CLOSE     19968597          5
73617897 1410840769.300323 OPEN      19968695          4
73617920 1410840769.324126 CLOSE     19968727          4
73617921 1410840769.324235 OPEN      19968729          3
73617924 1410840769.325873 CLOSE     19968729          3
73617925 1410840769.325964 OPEN      19968599          4
73617968 1410840769.377877 CLOSE     19968601          3
73617969 1410840769.378005 OPEN      19968602          4
73617975 1410840769.404333 CLOSE     19968602          4
73617977 1410840769.404464 OPEN      19968740          3
73617987 1410840769.412558 CLOSE     205643359          3
73617988 1410840769.412627 OPEN      205643339          3
73618030 1410840769.483616 CLOSE     19968746          7
73618031 1410840769.483789 OPEN      19968604          5
73618060 1410840769.521059 CLOSE     19968748          3
73618061 1410840769.521160 OPEN      19968605          5
73618100 1410840769.550905 CLOSE     19968257          9
73618101 1410840769.551051 OPEN      19968758          4
73618138 1410840769.572730 CLOSE     19968763          3
73618139 1410840769.572850 OPEN      19968762          4
73618148 1410840769.617846 CLOSE     19968762          4
73618149 1410840769.617959 OPEN      19968764          3
73618161 1410840769.626359 CLOSE     19968766          3
73618162 1410840769.626465 OPEN      19968760          7
73618170 1410840769.635361 CLOSE     19968259         11
73618171 1410840769.635545 OPEN      19968767         10
73618205 1410840769.683029 CLOSE     19968874        138
73618209 1410840769.684836 OPEN      19968906         10
73618360 1410840769.856042 CLOSE     19969105          6
73618363 1410840769.856200 OPEN      19969106          7
73618394 1410840769.884738 CLOSE     19969115         14
73618395 1410840769.884944 OPEN      19969167          6
73618405 1410840769.893868 CLOSE     19969200          4
73618407 1410840769.894044 OPEN      19969202         31
73618410 1410840769.897427 CLOSE     19969202         31
73618411 1410840769.897842 OPEN      19969203          3
73618466 1410840769.978136 CLOSE     19969344          4
73618467 1410840769.978251 OPEN      19969346          3
73618546 1410840770.098030 CLOSE     205643470          8
73618547 1410840770.098206 OPEN      205643574          4
73618666 1410840770.296554 CLOSE     205643478          3
73618667 1410840770.296698 OPEN      205643479         19
73618764 1410840770.435656 CLOSE       112278         10
73618765 1410840770.435787 OPEN        112756          5
73618768 1410840770.438340 CLOSE       112279          7
73618769 1410840770.438454 OPEN        112280          6
73618786 1410840770.497150 CLOSE     19969590         48
73618787 1410840770.497795 OPEN      19969727          3
73618789 1410840770.503818 CLOSE       112784         10
73618790 1410840770.503962 OPEN        112853          6
73618862 1410840770.615809 CLOSE        90059         66
73618865 1410840770.616407 OPEN        135852          2
73618942 1410840770.678320 CLOSE       112869         27
73618943 1410840770.678741 OPEN        112787         36
73618986 1410840770.717047 CLOSE       112787         36
73618987 1410840770.717428 OPEN        112788          8
73619178 1410840770.884294 CLOSE       105065         41
73619182 1410840770.884709 OPEN        113164         25
73619226 1410840770.915678 CLOSE     19969931          3
73619227 1410840770.915792 OPEN      19969921          6
73619265 1410840770.962256 CLOSE     19969943          5
73619267 1410840770.962377 OPEN      19969759          3
73619269 1410840770.966075 CLOSE     19969759          3
73619270 1410840770.966168 OPEN      19969944          3
73619274 1410840770.970066 CLOSE     19969944          3
73619275 1410840770.970165 OPEN      19969760          3
73619304 1410840770.996595 CLOSE       105066          3
73619305 1410840770.996754 OPEN        105067         42
73619421 1410840771.082574 CLOSE     19969763         81
73619423 1410840771.083619 OPEN      19969954          3
73619448 1410840771.103142 CLOSE     19929945          2
73619449 1410840771.103545 OPEN      19929946        128
73619522 1410840771.158622 CLOSE     20064202         14
73619523 1410840771.158826 OPEN      20064203         11
73619574 1410840771.233187 CLOSE       113264          8
73619575 1410840771.233335 OPEN        113265         14
73619588 1410840771.255563 CLOSE     19970057         11
73619591 1410840771.255844 OPEN      19970058          8
73619750 1410840771.446875 CLOSE     20037550         91
73619751 1410840771.447546 OPEN      20037551          4
73619776 1410840771.458446 CLOSE     19970144          3
73619777 1410840771.458542 OPEN      19970145          3
73620130 1410840771.840695 CLOSE     205644261          4
73620131 1410840771.840822 OPEN      205644262          5
73620204 1410840771.890522 CLOSE     20028515         51
73620205 1410840771.890960 OPEN      20064744          9
73620257 1410840771.918083 CLOSE     205644318          3
73620258 1410840771.918232 OPEN      205644319          3
73620274 1410840771.922425 CLOSE     20064765          9
73620277 1410840771.922583 OPEN      20064774         17
73620285 1410840771.924175 CLOSE     20064774         17
73620288 1410840771.924438 OPEN      20064775         29
73620356 1410840771.974655 CLOSE     205644271          3
73620357 1410840771.974738 OPEN      205644272          7
73620361 1410840771.975660 CLOSE     205644272          7
73620363 1410840771.975790 OPEN      205644273          3
73620697 1410840772.322275 CLOSE     205644461          3
73620698 1410840772.322372 OPEN      205644462          3
73620810 1410840772.397931 CLOSE        90075         72
73620811 1410840772.398733 OPEN        163038          2
73620950 1410840772.693284 CLOSE        90076         62
73620951 1410840772.693907 OPEN        174011          2
73620958 1410840772.711298 CLOSE       174011          2
73620959 1410840772.711379 OPEN        174012          4
73620968 1410840772.722169 CLOSE     19971692          8
73620969 1410840772.722302 OPEN      19971693          3
73621031 1410840772.756340 CLOSE       174014          4
73621033 1410840772.756444 OPEN         90077         11
73621052 1410840772.778491 CLOSE        90077         11
73621053 1410840772.778659 OPEN        174115          2
73621258 1410840772.942019 CLOSE     19971761          5
73621259 1410840772.942150 OPEN      19971704         15
73622266 1410840774.047831 CLOSE     19977888         68
73622267 1410840774.048061 OPEN      19977890         39
73622287 1410840774.087644 CLOSE     164631107         24
73622288 1410840774.088017 OPEN      164631108          2
73622303 1410840774.156866 CLOSE     19977893         49
73622304 1410840774.157177 OPEN      19977894         27
73622321 1410840774.184828 CLOSE     19977894         27
73622322 1410840774.184993 OPEN      19977895         11
73622351 1410840774.348871 CLOSE     19977897          4
73622353 1410840774.348942 OPEN      19977898         30
73622383 1410840774.377178 CLOSE     19977898         30
73622384 1410840774.377378 OPEN      19977899          5
73622582 1410840774.807972 OPEN      19973886         25
73622583 1410840774.807996 OPEN      19973886         25
73622584 1410840774.808030 READ      19973886         25          0    25
73622585 1410840774.808130 CLOSE     19973886         25
73622586 1410840774.808139 CLOSE     19973886         25
73622587 1410840774.808230 OPEN      398990737         27
73622588 1410840774.808243 OPEN      398990737         27
73622589 1410840774.808249 READ      398990737         27          0    27
73622590 1410840774.808301 CLOSE     398990737         27
73622591 1410840774.808308 CLOSE     398990737         27
73622592 1410840774.808357 OPEN      398990738          5
73622593 1410840774.808369 OPEN      398990738          5
73622594 1410840774.808376 READ      398990738          5          0     5
73622595 1410840774.808424 CLOSE     398990738          5
73622596 1410840774.808431 CLOSE     398990738          5
73622597 1410840774.808480 OPEN      398990739        100
73622598 1410840774.808491 OPEN      398990739        100
73622599 1410840774.808498 READ      398990739        100          0   100
73622600 1410840774.808545 CLOSE     398990739        100
73622601 1410840774.808552 CLOSE     398990739        100
73622602 1410840774.808601 OPEN      398990740          3
73622603 1410840774.808612 OPEN      398990740          3
73622604 1410840774.808621 READ      398990740          3          0     3
73622605 1410840774.808669 CLOSE     398990740          3
73622606 1410840774.808675 CLOSE     398990740          3
73622607 1410840774.808737 OPEN      398990741         21
73622608 1410840774.808748 OPEN      398990741         21
73622609 1410840774.808754 READ      398990741         21          0    21
73622610 1410840774.808809 CLOSE     398990741         21
73622611 1410840774.808817 CLOSE     398990741         21
73623317 1410840775.803604 CLOSE     205646825         87
73623320 1410840775.804598 OPEN      205646826          7
73623327 1410840775.808500 CLOSE     205646826          7
73623328 1410840775.808617 OPEN      205647051          8
73623331 1410840775.812410 CLOSE     205647051          8
73623333 1410840775.812553 OPEN      205646827          7
73623359 1410840775.836168 CLOSE     20037815         10
73623360 1410840775.836374 OPEN      20037816          4
73623362 1410840775.837502 CLOSE     205647059          9
73623364 1410840775.837773 OPEN      205647060         84
73623393 1410840775.894845 CLOSE     20037817          5
73623394 1410840775.895049 OPEN      20037818          9
73623447 1410840775.953913 CLOSE     19977984        107
73623448 1410840775.954709 OPEN      19977985         23
73623575 1410840776.107492 CLOSE     19977994         10
73623576 1410840776.107580 OPEN      19977995        392
73623721 1410840776.525786 CLOSE     164636984        131
73623722 1410840776.527092 OPEN      164636985          6
73623788 1410840776.621316 OPEN      205648066       2719
73624028 1410840777.333044 CLOSE     19978027         44
73624030 1410840777.333316 OPEN      19978028         34
73624039 1410840777.340808 CLOSE     19978028         34
73624040 1410840777.341001 OPEN      19978029         41
73624493 1410840777.929826 CLOSE     19978060         44
73624494 1410840777.930106 OPEN      19978067        297
73625003 1410840778.589837 CLOSE     164638999         72
73625007 1410840778.590595 OPEN      164639000         72
73625039 1410840778.687856 CLOSE     164639001         72
73625042 1410840778.688671 OPEN      164639003         72
73625157 1410840778.754179 CLOSE        90078         60
73625161 1410840778.754820 OPEN        174124          2
73625174 1410840778.761879 CLOSE       117432         21
73625175 1410840778.762127 OPEN        117437          8
73625373 1410840778.904266 CLOSE       117433         34
73625374 1410840778.904715 OPEN        118715         13
73625409 1410840778.933633 CLOSE       118715         13
73625410 1410840778.933857 OPEN        118717          3
73625589 1410840779.203101 CLOSE     20001083         78
73625590 1410840779.203365 OPEN      20001084          3
73625593 1410840779.209112 CLOSE     20001085          3
73625594 1410840779.209143 OPEN      20001086          3
73625611 1410840779.220740 CLOSE       118734         19
73625612 1410840779.220982 OPEN        118974          4
73625625 1410840779.236139 CLOSE       118974          4
73625626 1410840779.236237 OPEN        118976          4
73626181 1410840779.771182 CLOSE     19999310          8
73626182 1410840779.771319 OPEN      19999311          4
73626222 1410840779.798288 CLOSE     19999311          4
73626224 1410840779.798423 OPEN      19999313          9
73626302 1410840779.833512 CLOSE       119487         12
73626304 1410840779.833705 OPEN        119499         12
73626687 1410840780.070903 CLOSE     28940473         15
73626688 1410840780.071170 OPEN      28939893         11
73627101 1410840780.272726 CLOSE     164642227          5
73627102 1410840780.272884 OPEN      164642228          5
73627483 1410840780.533442 CLOSE     206046822         49
73627485 1410840780.534164 OPEN      206046824         49
